19.278
15.762
14.767
24.744
21.499
15.963
17.472
18.311
13.969
11.654
11.390
17.905
13.738
6.800
14.964
20.172
11.711
9.591
12.143
11.834
13.667
8.528
9.301
7.711
7.791
11.832
7.647
23.667
6.366
10.615
16.072
9.013
17.710
16.390
8.198
8.540
10.350
12.459
12.789
18.393
5.147
17.083
24.861
11.799
13.345
7.762
9.762
8.601
9.194
11.946
5.414
18.443
8.801
24.927
14.675
4.551
10.543
8.134
10.547
14.334
12.209
14.228
7.884
18.746
8.371
2.561
9.049
6.621
15.905
9.808
18.280
18.835
24.212
15.071
12.160
6.792
15.720
6.540
25.990
18.586
8.161
10.510
7.259
11.438
10.648
8.898
6.485
10.529
21.753
14.726
13.290
23.264
8.931
16.162
3.588
5.071
6.741
6.905
10.089
6.393
17.081
3.917
7.059
17.157
21.108
11.984
15.941
5.508
22.248
11.275
13.481
17.729
12.139
19.918
12.845
16.347
12.267
9.640
6.710
20.448
11.823
7.702
10.832
25.178
13.154
10.946
11.018
15.964
18.396
12.927
5.078
12.657
10.012
6.612
12.177
9.719
11.126
16.468
12.215
11.610
8.459
8.991
4.333
3.770
17.415
10.364
7.665
9.929
5.834
10.091
6.935
10.009
17.314
9.225
12.252
10.387
11.925
12.149
13.937
14.320
10.880
7.579
9.651
11.046
11.175
14.906
9.246
1.249
12.449
20.106
19.077
2.469
21.983
23.973
12.323
27.835
7.691
10.822
3.764
13.030
5.674
10.209
18.453
15.911
12.370
11.601
17.360
11.072
9.393
9.144
13.410
18.579
6.968
15.898
6.068
16.109
4.843
9.557
10.338
10.447
